
 2022-07-27 10:23:00 
```
              precision    recall  f1-score   support

           0       0.42      0.51      0.46        85
           1       0.62      0.64      0.63       232
           2       0.82      0.79      0.81       734
           3       0.82      0.79      0.80       145
           4       0.73      0.75      0.74       570

    accuracy                           0.74      1766
   macro avg       0.68      0.69      0.69      1766
weighted avg       0.75      0.74      0.74      1766
```

 2022-07-27 11:14:21 
```
              precision    recall  f1-score   support

           0       0.22      0.33      0.26       289
           1       0.41      0.44      0.42       453
           2       0.82      0.75      0.78      2477
           3       0.57      0.63      0.60       161
           4       0.45      0.47      0.46       582

    accuracy                           0.64      3962
   macro avg       0.49      0.52      0.51      3962
weighted avg       0.66      0.64      0.65      3962
```
