
 2022-07-10 16:23:06 
              precision    recall  f1-score   support

           0       0.07      0.48      0.12        64
           1       0.36      0.43      0.39       408
           2       0.90      0.68      0.77      3007
           3       0.42      0.76      0.54        98
           4       0.29      0.47      0.36       385

    accuracy                           0.63      3962
   macro avg       0.41      0.56      0.44      3962
weighted avg       0.76      0.63      0.68      3962

